@TrailingOnes_TotalCoeff 0 1 2 2 3 
@TrailingOnes_TotalCoeff_ChromaDc 4 2 3 
@total_zeros 5 2 3 
@total_zeros_DC 6 2 3 
@run_before 7 2 3 
@unary_code 8 9 
@residual_block_cavlc_16 10 0 1 2 2 3 9 8 9 1 2 5 2 3 7 2 3 
@residual_block_cavlc_4 11 4 2 3 9 8 9 1 2 6 2 3 7 2 3 
@nc_Luma 12 
@nc_Chroma 13 
@decode_main 14 15 16 16 16 17 9 1 2 17 9 1 2 17 9 1 2 9 18 17 9 1 2 18 17 9 1 2 17 9 1 2 18 17 9 1 2 17 9 1 2 17 9 1 2 9 17 9 1 2 17 9 1 2 9 9 9 9 17 9 1 2 17 9 1 2 17 9 1 2 17 9 1 2 9 19 17 9 1 2 17 9 1 2 9 9 17 9 1 2 17 9 1 2 17 9 1 2 9 1 2 18 17 9 1 2 18 17 9 1 2 18 17 9 1 2 9 9 9 20 17 9 1 2 17 9 1 2 17 9 1 2 1 2 17 9 1 2 1 2 9 9 17 9 1 2 17 9 1 2 9 17 9 1 2 17 9 1 2 9 17 9 1 2 17 9 1 2 21 17 9 1 2 17 9 1 2 9 18 17 9 1 2 18 17 9 1 2 9 18 17 9 1 2 18 17 9 1 2 18 17 9 1 2 18 17 9 1 2 9 18 17 9 1 2 18 17 9 1 2 9 18 17 9 1 2 18 17 9 1 2 18 17 9 1 2 18 17 9 1 2 22 9 9 9 17 9 1 2 17 9 1 2 18 17 9 1 2 17 9 1 2 18 17 9 1 2 18 17 9 1 2 23 24 25 26 17 9 1 2 17 9 1 2 27 9 1 2 17 9 1 2 28 17 9 1 2 18 17 9 1 2 29 12 10 0 1 2 2 3 9 8 9 1 2 5 2 3 7 2 3 30 31 32 32 33 34 12 10 0 1 2 2 3 9 8 9 1 2 5 2 3 7 2 3 35 36 37 38 37 38 39 29 29 29 29 38 40 41 29 29 42 29 29 43 29 29 44 29 29 40 41 29 29 42 29 29 43 29 29 44 29 29 40 41 29 29 42 29 29 43 29 29 44 29 29 45 38 38 38 11 4 2 3 9 8 9 1 2 6 2 3 7 2 3 46 11 4 2 3 9 8 9 1 2 6 2 3 7 2 3 46 47 47 48 13 10 0 1 2 2 3 9 8 9 1 2 5 2 3 7 2 3 13 10 0 1 2 2 3 9 8 9 1 2 5 2 3 7 2 3 35 35 49 38 49 38 50 29 29 29 29 38 50 29 29 29 29 38 51 29 29 38 51 29 29 38 
@init_listP 24 
@init_listB 25 
@find_directzeroflag 52 53 54 54 54 54 
@findmv 55 53 56 56 
@find_directmv_flag 57 
@findCidx 53 
@inter_prediction_chroma_subblock_single 51 29 29 38 
@inter_prediction_chroma_subblock_double 50 29 29 29 29 38 
@copy_j 44 29 29 
@copy_H 42 29 29 
@copy_V 41 29 29 
@copy_Cross 43 29 29 
@copy_G 58 
@copy_comp 40 41 29 29 42 29 29 43 29 29 44 29 29 
@inter_luma_double_bizero_skip 39 29 29 29 29 38 
@inter_luma_single 45 38 38 38 
@IntraInfo 27 9 1 2 
@predict_intra4x4_luma_NonField 36 
@predict_intra16x16_luma_NonField 33 
@prediction_Chroma 47 
@write_out_pic 59 
@main 60 61 62 63 63 64 65 14 15 16 16 16 17 9 1 2 17 9 1 2 17 9 1 2 9 18 17 9 1 2 18 17 9 1 2 17 9 1 2 18 17 9 1 2 17 9 1 2 17 9 1 2 9 17 9 1 2 17 9 1 2 9 9 9 9 17 9 1 2 17 9 1 2 17 9 1 2 17 9 1 2 9 19 17 9 1 2 17 9 1 2 9 9 17 9 1 2 17 9 1 2 17 9 1 2 9 1 2 18 17 9 1 2 18 17 9 1 2 18 17 9 1 2 9 9 9 20 17 9 1 2 17 9 1 2 17 9 1 2 1 2 17 9 1 2 1 2 9 9 17 9 1 2 17 9 1 2 9 17 9 1 2 17 9 1 2 9 17 9 1 2 17 9 1 2 21 17 9 1 2 17 9 1 2 9 18 17 9 1 2 18 17 9 1 2 9 18 17 9 1 2 18 17 9 1 2 18 17 9 1 2 18 17 9 1 2 9 18 17 9 1 2 18 17 9 1 2 9 18 17 9 1 2 18 17 9 1 2 18 17 9 1 2 18 17 9 1 2 22 9 9 9 17 9 1 2 17 9 1 2 18 17 9 1 2 17 9 1 2 18 17 9 1 2 18 17 9 1 2 23 24 25 26 17 9 1 2 17 9 1 2 27 9 1 2 17 9 1 2 28 17 9 1 2 18 17 9 1 2 29 12 10 0 1 2 2 3 9 8 9 1 2 5 2 3 7 2 3 30 31 32 32 33 34 12 10 0 1 2 2 3 9 8 9 1 2 5 2 3 7 2 3 35 36 37 38 37 38 39 29 29 29 29 38 40 41 29 29 42 29 29 43 29 29 44 29 29 40 41 29 29 42 29 29 43 29 29 44 29 29 40 41 29 29 42 29 29 43 29 29 44 29 29 45 38 38 38 11 4 2 3 9 8 9 1 2 6 2 3 7 2 3 46 11 4 2 3 9 8 9 1 2 6 2 3 7 2 3 46 47 47 48 13 10 0 1 2 2 3 9 8 9 1 2 5 2 3 7 2 3 13 10 0 1 2 2 3 9 8 9 1 2 5 2 3 7 2 3 35 35 49 38 49 38 50 29 29 29 29 38 50 29 29 29 29 38 51 29 29 38 51 29 29 38 59 
@Clip1y 38 
@Clip1c 66 
@Clip3 29 
@minpositive 54 
@InverseRasterScan 67 
@on_of_three 68 
@median 56 
@six_tab 69 
@GetAnnexbNALU 62 63 63 
@FindStartCode 63 
@EBSPtoRBSP 64 
@RBSPtoSODB 65 
@more_rbsp_data 70 
@ProcessSPS 15 16 16 16 17 9 1 2 17 9 1 2 17 9 1 2 9 18 17 9 1 2 18 17 9 1 2 17 9 1 2 18 17 9 1 2 17 9 1 2 17 9 1 2 9 17 9 1 2 17 9 1 2 9 9 9 9 17 9 1 2 17 9 1 2 17 9 1 2 17 9 1 2 9 
@ProcessPPS 19 17 9 1 2 17 9 1 2 9 9 17 9 1 2 17 9 1 2 17 9 1 2 9 1 2 18 17 9 1 2 18 17 9 1 2 18 17 9 1 2 9 9 9 
@process_pred_weight_table 21 17 9 1 2 17 9 1 2 9 18 17 9 1 2 18 17 9 1 2 9 18 17 9 1 2 18 17 9 1 2 18 17 9 1 2 18 17 9 1 2 9 18 17 9 1 2 18 17 9 1 2 9 18 17 9 1 2 18 17 9 1 2 18 17 9 1 2 18 17 9 1 2 
@process_dec_ref_pic_marking 22 9 9 9 17 9 1 2 17 9 1 2 
@ProcessSH 20 17 9 1 2 17 9 1 2 17 9 1 2 1 2 17 9 1 2 1 2 9 9 17 9 1 2 17 9 1 2 9 17 9 1 2 17 9 1 2 9 17 9 1 2 17 9 1 2 21 17 9 1 2 17 9 1 2 9 18 17 9 1 2 18 17 9 1 2 9 18 17 9 1 2 18 17 9 1 2 18 17 9 1 2 18 17 9 1 2 9 18 17 9 1 2 18 17 9 1 2 9 18 17 9 1 2 18 17 9 1 2 18 17 9 1 2 18 17 9 1 2 22 9 9 9 17 9 1 2 17 9 1 2 18 17 9 1 2 17 9 1 2 18 17 9 1 2 18 17 9 1 2 
@intepretSLiceHeader 23 24 25 
@matrix_mult4x4 32 
@matrix_mult2x2 71 
@get_LevelScale4x4 31 
@scale_and_inv_trans_Intra16x16DC 30 31 32 32 
@scale_residual4x4_and_trans_inverse 35 
@scale_and_inv_trans_chroma2x2 46 
@write_luma 37 38 
@write_Chroma 49 38 
@process_luma 34 12 10 0 1 2 2 3 9 8 9 1 2 5 2 3 7 2 3 35 36 37 38 37 38 39 29 29 29 29 38 40 41 29 29 42 29 29 43 29 29 44 29 29 40 41 29 29 42 29 29 43 29 29 44 29 29 40 41 29 29 42 29 29 43 29 29 44 29 29 45 38 38 38 
@process_chroma 48 13 10 0 1 2 2 3 9 8 9 1 2 5 2 3 7 2 3 13 10 0 1 2 2 3 9 8 9 1 2 5 2 3 7 2 3 35 35 49 38 49 38 50 29 29 29 29 38 50 29 29 29 29 38 51 29 29 38 51 29 29 38 
@ProcessSlice 26 17 9 1 2 17 9 1 2 27 9 1 2 17 9 1 2 28 17 9 1 2 18 17 9 1 2 29 12 10 0 1 2 2 3 9 8 9 1 2 5 2 3 7 2 3 30 31 32 32 33 34 12 10 0 1 2 2 3 9 8 9 1 2 5 2 3 7 2 3 35 36 37 38 37 38 39 29 29 29 29 38 40 41 29 29 42 29 29 43 29 29 44 29 29 40 41 29 29 42 29 29 43 29 29 44 29 29 40 41 29 29 42 29 29 43 29 29 44 29 29 45 38 38 38 11 4 2 3 9 8 9 1 2 6 2 3 7 2 3 46 11 4 2 3 9 8 9 1 2 6 2 3 7 2 3 46 47 47 48 13 10 0 1 2 2 3 9 8 9 1 2 5 2 3 7 2 3 13 10 0 1 2 2 3 9 8 9 1 2 5 2 3 7 2 3 35 35 49 38 49 38 50 29 29 29 29 38 50 29 29 29 29 38 51 29 29 38 51 29 29 38 
@u_1 9 
@u_8 16 
@bytes_reverse_32 2 
@u_n 1 2 
@u_e 17 9 1 2 
@s_e 18 17 9 1 2 
@m_e 28 17 9 1 2 
@t_e 72 17 9 1 2 9 
@showbits 3 
